{
 "cells": [
  {
   "cell_type": "code",
   "execution_count": 2,
   "metadata": {},
   "outputs": [],
   "source": [
    "import pandas as pd\n",
    "import matplotlib.pyplot as plt\n",
    "import seaborn as sns"
   ]
  },
  {
   "cell_type": "code",
   "execution_count": 3,
   "metadata": {},
   "outputs": [],
   "source": [
    "df = pd.read_csv(r'D:\\my stuff\\Coding\\ML\\data.csv')"
   ]
  },
  {
   "cell_type": "code",
   "execution_count": 10,
   "metadata": {},
   "outputs": [
    {
     "name": "stdout",
     "output_type": "stream",
     "text": [
      "<class 'pandas.core.frame.DataFrame'>\n",
      "RangeIndex: 4600 entries, 0 to 4599\n",
      "Data columns (total 18 columns):\n",
      " #   Column         Non-Null Count  Dtype  \n",
      "---  ------         --------------  -----  \n",
      " 0   date           4600 non-null   object \n",
      " 1   price          4600 non-null   float64\n",
      " 2   bedrooms       4600 non-null   float64\n",
      " 3   bathrooms      4600 non-null   float64\n",
      " 4   sqft_living    4600 non-null   int64  \n",
      " 5   sqft_lot       4600 non-null   int64  \n",
      " 6   floors         4600 non-null   float64\n",
      " 7   waterfront     4600 non-null   int64  \n",
      " 8   view           4600 non-null   int64  \n",
      " 9   condition      4600 non-null   int64  \n",
      " 10  sqft_above     4600 non-null   int64  \n",
      " 11  sqft_basement  4600 non-null   int64  \n",
      " 12  yr_built       4600 non-null   int64  \n",
      " 13  yr_renovated   4600 non-null   int64  \n",
      " 14  street         4600 non-null   object \n",
      " 15  city           4600 non-null   object \n",
      " 16  statezip       4600 non-null   object \n",
      " 17  country        4600 non-null   object \n",
      "dtypes: float64(4), int64(9), object(5)\n",
      "memory usage: 647.0+ KB\n"
     ]
    }
   ],
   "source": [
    "df.info()"
   ]
  },
  {
   "cell_type": "code",
   "execution_count": 5,
   "metadata": {},
   "outputs": [
    {
     "data": {
      "text/html": [
       "<div>\n",
       "<style scoped>\n",
       "    .dataframe tbody tr th:only-of-type {\n",
       "        vertical-align: middle;\n",
       "    }\n",
       "\n",
       "    .dataframe tbody tr th {\n",
       "        vertical-align: top;\n",
       "    }\n",
       "\n",
       "    .dataframe thead th {\n",
       "        text-align: right;\n",
       "    }\n",
       "</style>\n",
       "<table border=\"1\" class=\"dataframe\">\n",
       "  <thead>\n",
       "    <tr style=\"text-align: right;\">\n",
       "      <th></th>\n",
       "      <th>price</th>\n",
       "      <th>bedrooms</th>\n",
       "      <th>bathrooms</th>\n",
       "      <th>sqft_living</th>\n",
       "      <th>sqft_lot</th>\n",
       "      <th>floors</th>\n",
       "      <th>waterfront</th>\n",
       "      <th>view</th>\n",
       "      <th>condition</th>\n",
       "      <th>sqft_above</th>\n",
       "      <th>sqft_basement</th>\n",
       "      <th>yr_built</th>\n",
       "      <th>yr_renovated</th>\n",
       "    </tr>\n",
       "  </thead>\n",
       "  <tbody>\n",
       "    <tr>\n",
       "      <th>count</th>\n",
       "      <td>4.600000e+03</td>\n",
       "      <td>4600.000000</td>\n",
       "      <td>4600.000000</td>\n",
       "      <td>4600.000000</td>\n",
       "      <td>4.600000e+03</td>\n",
       "      <td>4600.000000</td>\n",
       "      <td>4600.000000</td>\n",
       "      <td>4600.000000</td>\n",
       "      <td>4600.000000</td>\n",
       "      <td>4600.000000</td>\n",
       "      <td>4600.000000</td>\n",
       "      <td>4600.000000</td>\n",
       "      <td>4600.000000</td>\n",
       "    </tr>\n",
       "    <tr>\n",
       "      <th>mean</th>\n",
       "      <td>5.519630e+05</td>\n",
       "      <td>3.400870</td>\n",
       "      <td>2.160815</td>\n",
       "      <td>2139.346957</td>\n",
       "      <td>1.485252e+04</td>\n",
       "      <td>1.512065</td>\n",
       "      <td>0.007174</td>\n",
       "      <td>0.240652</td>\n",
       "      <td>3.451739</td>\n",
       "      <td>1827.265435</td>\n",
       "      <td>312.081522</td>\n",
       "      <td>1970.786304</td>\n",
       "      <td>808.608261</td>\n",
       "    </tr>\n",
       "    <tr>\n",
       "      <th>std</th>\n",
       "      <td>5.638347e+05</td>\n",
       "      <td>0.908848</td>\n",
       "      <td>0.783781</td>\n",
       "      <td>963.206916</td>\n",
       "      <td>3.588444e+04</td>\n",
       "      <td>0.538288</td>\n",
       "      <td>0.084404</td>\n",
       "      <td>0.778405</td>\n",
       "      <td>0.677230</td>\n",
       "      <td>862.168977</td>\n",
       "      <td>464.137228</td>\n",
       "      <td>29.731848</td>\n",
       "      <td>979.414536</td>\n",
       "    </tr>\n",
       "    <tr>\n",
       "      <th>min</th>\n",
       "      <td>0.000000e+00</td>\n",
       "      <td>0.000000</td>\n",
       "      <td>0.000000</td>\n",
       "      <td>370.000000</td>\n",
       "      <td>6.380000e+02</td>\n",
       "      <td>1.000000</td>\n",
       "      <td>0.000000</td>\n",
       "      <td>0.000000</td>\n",
       "      <td>1.000000</td>\n",
       "      <td>370.000000</td>\n",
       "      <td>0.000000</td>\n",
       "      <td>1900.000000</td>\n",
       "      <td>0.000000</td>\n",
       "    </tr>\n",
       "    <tr>\n",
       "      <th>25%</th>\n",
       "      <td>3.228750e+05</td>\n",
       "      <td>3.000000</td>\n",
       "      <td>1.750000</td>\n",
       "      <td>1460.000000</td>\n",
       "      <td>5.000750e+03</td>\n",
       "      <td>1.000000</td>\n",
       "      <td>0.000000</td>\n",
       "      <td>0.000000</td>\n",
       "      <td>3.000000</td>\n",
       "      <td>1190.000000</td>\n",
       "      <td>0.000000</td>\n",
       "      <td>1951.000000</td>\n",
       "      <td>0.000000</td>\n",
       "    </tr>\n",
       "    <tr>\n",
       "      <th>50%</th>\n",
       "      <td>4.609435e+05</td>\n",
       "      <td>3.000000</td>\n",
       "      <td>2.250000</td>\n",
       "      <td>1980.000000</td>\n",
       "      <td>7.683000e+03</td>\n",
       "      <td>1.500000</td>\n",
       "      <td>0.000000</td>\n",
       "      <td>0.000000</td>\n",
       "      <td>3.000000</td>\n",
       "      <td>1590.000000</td>\n",
       "      <td>0.000000</td>\n",
       "      <td>1976.000000</td>\n",
       "      <td>0.000000</td>\n",
       "    </tr>\n",
       "    <tr>\n",
       "      <th>75%</th>\n",
       "      <td>6.549625e+05</td>\n",
       "      <td>4.000000</td>\n",
       "      <td>2.500000</td>\n",
       "      <td>2620.000000</td>\n",
       "      <td>1.100125e+04</td>\n",
       "      <td>2.000000</td>\n",
       "      <td>0.000000</td>\n",
       "      <td>0.000000</td>\n",
       "      <td>4.000000</td>\n",
       "      <td>2300.000000</td>\n",
       "      <td>610.000000</td>\n",
       "      <td>1997.000000</td>\n",
       "      <td>1999.000000</td>\n",
       "    </tr>\n",
       "    <tr>\n",
       "      <th>max</th>\n",
       "      <td>2.659000e+07</td>\n",
       "      <td>9.000000</td>\n",
       "      <td>8.000000</td>\n",
       "      <td>13540.000000</td>\n",
       "      <td>1.074218e+06</td>\n",
       "      <td>3.500000</td>\n",
       "      <td>1.000000</td>\n",
       "      <td>4.000000</td>\n",
       "      <td>5.000000</td>\n",
       "      <td>9410.000000</td>\n",
       "      <td>4820.000000</td>\n",
       "      <td>2014.000000</td>\n",
       "      <td>2014.000000</td>\n",
       "    </tr>\n",
       "  </tbody>\n",
       "</table>\n",
       "</div>"
      ],
      "text/plain": [
       "              price     bedrooms    bathrooms   sqft_living      sqft_lot  \\\n",
       "count  4.600000e+03  4600.000000  4600.000000   4600.000000  4.600000e+03   \n",
       "mean   5.519630e+05     3.400870     2.160815   2139.346957  1.485252e+04   \n",
       "std    5.638347e+05     0.908848     0.783781    963.206916  3.588444e+04   \n",
       "min    0.000000e+00     0.000000     0.000000    370.000000  6.380000e+02   \n",
       "25%    3.228750e+05     3.000000     1.750000   1460.000000  5.000750e+03   \n",
       "50%    4.609435e+05     3.000000     2.250000   1980.000000  7.683000e+03   \n",
       "75%    6.549625e+05     4.000000     2.500000   2620.000000  1.100125e+04   \n",
       "max    2.659000e+07     9.000000     8.000000  13540.000000  1.074218e+06   \n",
       "\n",
       "            floors   waterfront         view    condition   sqft_above  \\\n",
       "count  4600.000000  4600.000000  4600.000000  4600.000000  4600.000000   \n",
       "mean      1.512065     0.007174     0.240652     3.451739  1827.265435   \n",
       "std       0.538288     0.084404     0.778405     0.677230   862.168977   \n",
       "min       1.000000     0.000000     0.000000     1.000000   370.000000   \n",
       "25%       1.000000     0.000000     0.000000     3.000000  1190.000000   \n",
       "50%       1.500000     0.000000     0.000000     3.000000  1590.000000   \n",
       "75%       2.000000     0.000000     0.000000     4.000000  2300.000000   \n",
       "max       3.500000     1.000000     4.000000     5.000000  9410.000000   \n",
       "\n",
       "       sqft_basement     yr_built  yr_renovated  \n",
       "count    4600.000000  4600.000000   4600.000000  \n",
       "mean      312.081522  1970.786304    808.608261  \n",
       "std       464.137228    29.731848    979.414536  \n",
       "min         0.000000  1900.000000      0.000000  \n",
       "25%         0.000000  1951.000000      0.000000  \n",
       "50%         0.000000  1976.000000      0.000000  \n",
       "75%       610.000000  1997.000000   1999.000000  \n",
       "max      4820.000000  2014.000000   2014.000000  "
      ]
     },
     "execution_count": 5,
     "metadata": {},
     "output_type": "execute_result"
    }
   ],
   "source": [
    "df.describe()"
   ]
  },
  {
   "cell_type": "code",
   "execution_count": 8,
   "metadata": {},
   "outputs": [
    {
     "data": {
      "text/html": [
       "<div>\n",
       "<style scoped>\n",
       "    .dataframe tbody tr th:only-of-type {\n",
       "        vertical-align: middle;\n",
       "    }\n",
       "\n",
       "    .dataframe tbody tr th {\n",
       "        vertical-align: top;\n",
       "    }\n",
       "\n",
       "    .dataframe thead th {\n",
       "        text-align: right;\n",
       "    }\n",
       "</style>\n",
       "<table border=\"1\" class=\"dataframe\">\n",
       "  <thead>\n",
       "    <tr style=\"text-align: right;\">\n",
       "      <th></th>\n",
       "      <th>price</th>\n",
       "      <th>bedrooms</th>\n",
       "      <th>bathrooms</th>\n",
       "      <th>sqft_living</th>\n",
       "      <th>sqft_lot</th>\n",
       "      <th>floors</th>\n",
       "      <th>waterfront</th>\n",
       "      <th>view</th>\n",
       "      <th>condition</th>\n",
       "      <th>sqft_above</th>\n",
       "      <th>sqft_basement</th>\n",
       "      <th>yr_built</th>\n",
       "      <th>yr_renovated</th>\n",
       "    </tr>\n",
       "  </thead>\n",
       "  <tbody>\n",
       "    <tr>\n",
       "      <th>price</th>\n",
       "      <td>1.000000</td>\n",
       "      <td>0.200336</td>\n",
       "      <td>0.327110</td>\n",
       "      <td>0.430410</td>\n",
       "      <td>0.050451</td>\n",
       "      <td>0.151461</td>\n",
       "      <td>0.135648</td>\n",
       "      <td>0.228504</td>\n",
       "      <td>0.034915</td>\n",
       "      <td>0.367570</td>\n",
       "      <td>0.210427</td>\n",
       "      <td>0.021857</td>\n",
       "      <td>-0.028774</td>\n",
       "    </tr>\n",
       "    <tr>\n",
       "      <th>bedrooms</th>\n",
       "      <td>0.200336</td>\n",
       "      <td>1.000000</td>\n",
       "      <td>0.545920</td>\n",
       "      <td>0.594884</td>\n",
       "      <td>0.068819</td>\n",
       "      <td>0.177895</td>\n",
       "      <td>-0.003483</td>\n",
       "      <td>0.111028</td>\n",
       "      <td>0.025080</td>\n",
       "      <td>0.484705</td>\n",
       "      <td>0.334165</td>\n",
       "      <td>0.142461</td>\n",
       "      <td>-0.061082</td>\n",
       "    </tr>\n",
       "    <tr>\n",
       "      <th>bathrooms</th>\n",
       "      <td>0.327110</td>\n",
       "      <td>0.545920</td>\n",
       "      <td>1.000000</td>\n",
       "      <td>0.761154</td>\n",
       "      <td>0.107837</td>\n",
       "      <td>0.486428</td>\n",
       "      <td>0.076232</td>\n",
       "      <td>0.211960</td>\n",
       "      <td>-0.119994</td>\n",
       "      <td>0.689918</td>\n",
       "      <td>0.298020</td>\n",
       "      <td>0.463498</td>\n",
       "      <td>-0.215886</td>\n",
       "    </tr>\n",
       "    <tr>\n",
       "      <th>sqft_living</th>\n",
       "      <td>0.430410</td>\n",
       "      <td>0.594884</td>\n",
       "      <td>0.761154</td>\n",
       "      <td>1.000000</td>\n",
       "      <td>0.210538</td>\n",
       "      <td>0.344850</td>\n",
       "      <td>0.117616</td>\n",
       "      <td>0.311009</td>\n",
       "      <td>-0.062826</td>\n",
       "      <td>0.876443</td>\n",
       "      <td>0.447206</td>\n",
       "      <td>0.287775</td>\n",
       "      <td>-0.122817</td>\n",
       "    </tr>\n",
       "    <tr>\n",
       "      <th>sqft_lot</th>\n",
       "      <td>0.050451</td>\n",
       "      <td>0.068819</td>\n",
       "      <td>0.107837</td>\n",
       "      <td>0.210538</td>\n",
       "      <td>1.000000</td>\n",
       "      <td>0.003750</td>\n",
       "      <td>0.017241</td>\n",
       "      <td>0.073907</td>\n",
       "      <td>0.000558</td>\n",
       "      <td>0.216455</td>\n",
       "      <td>0.034842</td>\n",
       "      <td>0.050706</td>\n",
       "      <td>-0.022730</td>\n",
       "    </tr>\n",
       "    <tr>\n",
       "      <th>floors</th>\n",
       "      <td>0.151461</td>\n",
       "      <td>0.177895</td>\n",
       "      <td>0.486428</td>\n",
       "      <td>0.344850</td>\n",
       "      <td>0.003750</td>\n",
       "      <td>1.000000</td>\n",
       "      <td>0.022024</td>\n",
       "      <td>0.031211</td>\n",
       "      <td>-0.275013</td>\n",
       "      <td>0.522814</td>\n",
       "      <td>-0.255510</td>\n",
       "      <td>0.467481</td>\n",
       "      <td>-0.233996</td>\n",
       "    </tr>\n",
       "    <tr>\n",
       "      <th>waterfront</th>\n",
       "      <td>0.135648</td>\n",
       "      <td>-0.003483</td>\n",
       "      <td>0.076232</td>\n",
       "      <td>0.117616</td>\n",
       "      <td>0.017241</td>\n",
       "      <td>0.022024</td>\n",
       "      <td>1.000000</td>\n",
       "      <td>0.360935</td>\n",
       "      <td>0.000352</td>\n",
       "      <td>0.078911</td>\n",
       "      <td>0.097501</td>\n",
       "      <td>-0.023563</td>\n",
       "      <td>0.008625</td>\n",
       "    </tr>\n",
       "    <tr>\n",
       "      <th>view</th>\n",
       "      <td>0.228504</td>\n",
       "      <td>0.111028</td>\n",
       "      <td>0.211960</td>\n",
       "      <td>0.311009</td>\n",
       "      <td>0.073907</td>\n",
       "      <td>0.031211</td>\n",
       "      <td>0.360935</td>\n",
       "      <td>1.000000</td>\n",
       "      <td>0.063077</td>\n",
       "      <td>0.174327</td>\n",
       "      <td>0.321602</td>\n",
       "      <td>-0.064465</td>\n",
       "      <td>0.022967</td>\n",
       "    </tr>\n",
       "    <tr>\n",
       "      <th>condition</th>\n",
       "      <td>0.034915</td>\n",
       "      <td>0.025080</td>\n",
       "      <td>-0.119994</td>\n",
       "      <td>-0.062826</td>\n",
       "      <td>0.000558</td>\n",
       "      <td>-0.275013</td>\n",
       "      <td>0.000352</td>\n",
       "      <td>0.063077</td>\n",
       "      <td>1.000000</td>\n",
       "      <td>-0.178196</td>\n",
       "      <td>0.200632</td>\n",
       "      <td>-0.399698</td>\n",
       "      <td>-0.186818</td>\n",
       "    </tr>\n",
       "    <tr>\n",
       "      <th>sqft_above</th>\n",
       "      <td>0.367570</td>\n",
       "      <td>0.484705</td>\n",
       "      <td>0.689918</td>\n",
       "      <td>0.876443</td>\n",
       "      <td>0.216455</td>\n",
       "      <td>0.522814</td>\n",
       "      <td>0.078911</td>\n",
       "      <td>0.174327</td>\n",
       "      <td>-0.178196</td>\n",
       "      <td>1.000000</td>\n",
       "      <td>-0.038723</td>\n",
       "      <td>0.408535</td>\n",
       "      <td>-0.160426</td>\n",
       "    </tr>\n",
       "    <tr>\n",
       "      <th>sqft_basement</th>\n",
       "      <td>0.210427</td>\n",
       "      <td>0.334165</td>\n",
       "      <td>0.298020</td>\n",
       "      <td>0.447206</td>\n",
       "      <td>0.034842</td>\n",
       "      <td>-0.255510</td>\n",
       "      <td>0.097501</td>\n",
       "      <td>0.321602</td>\n",
       "      <td>0.200632</td>\n",
       "      <td>-0.038723</td>\n",
       "      <td>1.000000</td>\n",
       "      <td>-0.161675</td>\n",
       "      <td>0.043125</td>\n",
       "    </tr>\n",
       "    <tr>\n",
       "      <th>yr_built</th>\n",
       "      <td>0.021857</td>\n",
       "      <td>0.142461</td>\n",
       "      <td>0.463498</td>\n",
       "      <td>0.287775</td>\n",
       "      <td>0.050706</td>\n",
       "      <td>0.467481</td>\n",
       "      <td>-0.023563</td>\n",
       "      <td>-0.064465</td>\n",
       "      <td>-0.399698</td>\n",
       "      <td>0.408535</td>\n",
       "      <td>-0.161675</td>\n",
       "      <td>1.000000</td>\n",
       "      <td>-0.321342</td>\n",
       "    </tr>\n",
       "    <tr>\n",
       "      <th>yr_renovated</th>\n",
       "      <td>-0.028774</td>\n",
       "      <td>-0.061082</td>\n",
       "      <td>-0.215886</td>\n",
       "      <td>-0.122817</td>\n",
       "      <td>-0.022730</td>\n",
       "      <td>-0.233996</td>\n",
       "      <td>0.008625</td>\n",
       "      <td>0.022967</td>\n",
       "      <td>-0.186818</td>\n",
       "      <td>-0.160426</td>\n",
       "      <td>0.043125</td>\n",
       "      <td>-0.321342</td>\n",
       "      <td>1.000000</td>\n",
       "    </tr>\n",
       "  </tbody>\n",
       "</table>\n",
       "</div>"
      ],
      "text/plain": [
       "                  price  bedrooms  bathrooms  sqft_living  sqft_lot    floors  \\\n",
       "price          1.000000  0.200336   0.327110     0.430410  0.050451  0.151461   \n",
       "bedrooms       0.200336  1.000000   0.545920     0.594884  0.068819  0.177895   \n",
       "bathrooms      0.327110  0.545920   1.000000     0.761154  0.107837  0.486428   \n",
       "sqft_living    0.430410  0.594884   0.761154     1.000000  0.210538  0.344850   \n",
       "sqft_lot       0.050451  0.068819   0.107837     0.210538  1.000000  0.003750   \n",
       "floors         0.151461  0.177895   0.486428     0.344850  0.003750  1.000000   \n",
       "waterfront     0.135648 -0.003483   0.076232     0.117616  0.017241  0.022024   \n",
       "view           0.228504  0.111028   0.211960     0.311009  0.073907  0.031211   \n",
       "condition      0.034915  0.025080  -0.119994    -0.062826  0.000558 -0.275013   \n",
       "sqft_above     0.367570  0.484705   0.689918     0.876443  0.216455  0.522814   \n",
       "sqft_basement  0.210427  0.334165   0.298020     0.447206  0.034842 -0.255510   \n",
       "yr_built       0.021857  0.142461   0.463498     0.287775  0.050706  0.467481   \n",
       "yr_renovated  -0.028774 -0.061082  -0.215886    -0.122817 -0.022730 -0.233996   \n",
       "\n",
       "               waterfront      view  condition  sqft_above  sqft_basement  \\\n",
       "price            0.135648  0.228504   0.034915    0.367570       0.210427   \n",
       "bedrooms        -0.003483  0.111028   0.025080    0.484705       0.334165   \n",
       "bathrooms        0.076232  0.211960  -0.119994    0.689918       0.298020   \n",
       "sqft_living      0.117616  0.311009  -0.062826    0.876443       0.447206   \n",
       "sqft_lot         0.017241  0.073907   0.000558    0.216455       0.034842   \n",
       "floors           0.022024  0.031211  -0.275013    0.522814      -0.255510   \n",
       "waterfront       1.000000  0.360935   0.000352    0.078911       0.097501   \n",
       "view             0.360935  1.000000   0.063077    0.174327       0.321602   \n",
       "condition        0.000352  0.063077   1.000000   -0.178196       0.200632   \n",
       "sqft_above       0.078911  0.174327  -0.178196    1.000000      -0.038723   \n",
       "sqft_basement    0.097501  0.321602   0.200632   -0.038723       1.000000   \n",
       "yr_built        -0.023563 -0.064465  -0.399698    0.408535      -0.161675   \n",
       "yr_renovated     0.008625  0.022967  -0.186818   -0.160426       0.043125   \n",
       "\n",
       "               yr_built  yr_renovated  \n",
       "price          0.021857     -0.028774  \n",
       "bedrooms       0.142461     -0.061082  \n",
       "bathrooms      0.463498     -0.215886  \n",
       "sqft_living    0.287775     -0.122817  \n",
       "sqft_lot       0.050706     -0.022730  \n",
       "floors         0.467481     -0.233996  \n",
       "waterfront    -0.023563      0.008625  \n",
       "view          -0.064465      0.022967  \n",
       "condition     -0.399698     -0.186818  \n",
       "sqft_above     0.408535     -0.160426  \n",
       "sqft_basement -0.161675      0.043125  \n",
       "yr_built       1.000000     -0.321342  \n",
       "yr_renovated  -0.321342      1.000000  "
      ]
     },
     "execution_count": 8,
     "metadata": {},
     "output_type": "execute_result"
    }
   ],
   "source": [
    "df1 = df.select_dtypes(include=['number'])\n",
    "df1.corr()"
   ]
  },
  {
   "cell_type": "code",
   "execution_count": 11,
   "metadata": {},
   "outputs": [],
   "source": [
    "df2 = df[['price', 'bedrooms', 'bathrooms', 'sqft_living', 'floors', 'yr_built', 'city', 'country']]"
   ]
  },
  {
   "cell_type": "code",
   "execution_count": 12,
   "metadata": {},
   "outputs": [
    {
     "data": {
      "text/html": [
       "<div>\n",
       "<style scoped>\n",
       "    .dataframe tbody tr th:only-of-type {\n",
       "        vertical-align: middle;\n",
       "    }\n",
       "\n",
       "    .dataframe tbody tr th {\n",
       "        vertical-align: top;\n",
       "    }\n",
       "\n",
       "    .dataframe thead th {\n",
       "        text-align: right;\n",
       "    }\n",
       "</style>\n",
       "<table border=\"1\" class=\"dataframe\">\n",
       "  <thead>\n",
       "    <tr style=\"text-align: right;\">\n",
       "      <th></th>\n",
       "      <th>price</th>\n",
       "      <th>bedrooms</th>\n",
       "      <th>bathrooms</th>\n",
       "      <th>sqft_living</th>\n",
       "      <th>floors</th>\n",
       "      <th>yr_built</th>\n",
       "      <th>city</th>\n",
       "      <th>country</th>\n",
       "    </tr>\n",
       "  </thead>\n",
       "  <tbody>\n",
       "    <tr>\n",
       "      <th>0</th>\n",
       "      <td>313000.0</td>\n",
       "      <td>3.0</td>\n",
       "      <td>1.50</td>\n",
       "      <td>1340</td>\n",
       "      <td>1.5</td>\n",
       "      <td>1955</td>\n",
       "      <td>Shoreline</td>\n",
       "      <td>USA</td>\n",
       "    </tr>\n",
       "    <tr>\n",
       "      <th>1</th>\n",
       "      <td>2384000.0</td>\n",
       "      <td>5.0</td>\n",
       "      <td>2.50</td>\n",
       "      <td>3650</td>\n",
       "      <td>2.0</td>\n",
       "      <td>1921</td>\n",
       "      <td>Seattle</td>\n",
       "      <td>USA</td>\n",
       "    </tr>\n",
       "    <tr>\n",
       "      <th>2</th>\n",
       "      <td>342000.0</td>\n",
       "      <td>3.0</td>\n",
       "      <td>2.00</td>\n",
       "      <td>1930</td>\n",
       "      <td>1.0</td>\n",
       "      <td>1966</td>\n",
       "      <td>Kent</td>\n",
       "      <td>USA</td>\n",
       "    </tr>\n",
       "    <tr>\n",
       "      <th>3</th>\n",
       "      <td>420000.0</td>\n",
       "      <td>3.0</td>\n",
       "      <td>2.25</td>\n",
       "      <td>2000</td>\n",
       "      <td>1.0</td>\n",
       "      <td>1963</td>\n",
       "      <td>Bellevue</td>\n",
       "      <td>USA</td>\n",
       "    </tr>\n",
       "    <tr>\n",
       "      <th>4</th>\n",
       "      <td>550000.0</td>\n",
       "      <td>4.0</td>\n",
       "      <td>2.50</td>\n",
       "      <td>1940</td>\n",
       "      <td>1.0</td>\n",
       "      <td>1976</td>\n",
       "      <td>Redmond</td>\n",
       "      <td>USA</td>\n",
       "    </tr>\n",
       "  </tbody>\n",
       "</table>\n",
       "</div>"
      ],
      "text/plain": [
       "       price  bedrooms  bathrooms  sqft_living  floors  yr_built       city  \\\n",
       "0   313000.0       3.0       1.50         1340     1.5      1955  Shoreline   \n",
       "1  2384000.0       5.0       2.50         3650     2.0      1921    Seattle   \n",
       "2   342000.0       3.0       2.00         1930     1.0      1966       Kent   \n",
       "3   420000.0       3.0       2.25         2000     1.0      1963   Bellevue   \n",
       "4   550000.0       4.0       2.50         1940     1.0      1976    Redmond   \n",
       "\n",
       "  country  \n",
       "0     USA  \n",
       "1     USA  \n",
       "2     USA  \n",
       "3     USA  \n",
       "4     USA  "
      ]
     },
     "execution_count": 12,
     "metadata": {},
     "output_type": "execute_result"
    }
   ],
   "source": [
    "df2.head()"
   ]
  },
  {
   "cell_type": "code",
   "execution_count": null,
   "metadata": {},
   "outputs": [],
   "source": []
  }
 ],
 "metadata": {
  "kernelspec": {
   "display_name": "Python 3",
   "language": "python",
   "name": "python3"
  },
  "language_info": {
   "codemirror_mode": {
    "name": "ipython",
    "version": 3
   },
   "file_extension": ".py",
   "mimetype": "text/x-python",
   "name": "python",
   "nbconvert_exporter": "python",
   "pygments_lexer": "ipython3",
   "version": "3.10.0"
  }
 },
 "nbformat": 4,
 "nbformat_minor": 2
}
